x <- c(1, 3 , 2, 5)

x


x = c(1, 3 , 2, 5)

x

?c()

